z1
[[3.04816641 4.07126388 2.90755263 6.39624207 6.41741073]
 [3.47368393 5.20114014 3.2788326  5.9397228  5.47103472]
 [4.64560157 6.9780033  4.46077457 7.72664513 7.15677791]
 [2.79577958 4.16636042 2.7399112  5.99063572 5.96019673]
 [5.58280294 9.51745906 5.7182087  9.3574824  8.72241101]
 [4.28925587 7.42800038 4.38484798 7.4246167  6.91942716]
 [5.04630394 8.26601012 4.76954917 8.24106121 7.22844293]
 [2.62826522 4.49532386 2.83023646 5.69618557 5.79270673]
 [2.53693251 3.76387648 2.59268345 5.22941961 5.31489089]
 [5.03448144 8.74946464 4.9884778  8.27241063 7.38211591]
 [3.91145057 6.41685942 3.93724517 6.59391577 6.15982376]
 [2.82165687 4.45705188 2.89122565 6.01497349 6.04895991]
 [5.28687907 8.69036374 5.19727458 8.48766602 7.65757998]
 [4.39604671 7.18043134 4.37576053 7.51399106 6.99058681]
 [4.20533705 6.95863746 4.2069704  7.08131072 6.55552679]
 [2.26055579 3.48620148 2.33450814 4.87505222 4.96821194]
 [4.10389766 6.18917585 3.97638755 6.79532815 6.32435227]
 [3.81207361 6.92651291 4.00600805 6.6280014  6.20257957]
 [3.06191044 4.07461948 2.85578369 6.02859084 5.90193731]
 [2.76802396 3.53284144 2.58605847 5.54119589 5.50623428]
 [3.87280621 6.42021089 3.98301253 6.48355187 6.13300888]
 [3.64076112 6.88674197 3.9095484  6.40392536 6.01584186]
 [4.81976936 7.6580003  4.70508537 7.92214587 7.25518977]
 [2.63914315 3.82245775 2.58946102 5.54746061 5.54730909]
 [5.22803216 8.65368241 5.29813761 8.54851794 7.94229781]
 [3.93999905 6.41148936 3.93960333 6.6947121  6.25153002]
 [2.70285943 4.25178787 2.82243427 6.0619824  6.22274216]
 [2.58582272 4.12994096 2.68921891 5.65619578 5.74664414]
 [4.30487479 6.85237698 4.3697912  7.16371883 6.8008508 ]
 [4.76346698 7.49075464 4.53178755 7.53108406 6.69367216]
 [4.23025898 7.02392168 4.29528268 7.17862392 6.73431523]
 [5.8468856  9.10440519 5.54171695 9.20336706 8.17677352]
 [3.96018908 5.95462326 3.86043924 6.5546729  6.13759615]
 [4.76915424 8.23831219 4.76226609 7.69546104 6.89636921]
 [4.27256573 7.97970939 4.25285337 7.03976675 6.09710033]
 [2.79120846 4.04760312 2.80401851 5.86977705 5.95555424]
 [4.01540944 6.06195888 3.84553034 6.49033785 5.9399605 ]
 [2.85099822 3.81279278 2.74208924 5.76712633 5.77840998]
 [4.69072605 7.08332034 4.49399118 7.65274251 7.02403366]
 [5.14128136 8.07698798 5.03763265 8.01225968 7.28737453]
 [5.00403303 8.34001588 4.90127066 8.12721418 7.28871024]
 [2.73126873 3.91501609 2.67551946 5.66558308 5.66286874]
 [4.59215276 6.99008043 4.45241484 7.14783368 6.52278335]
 [4.58316395 8.04176971 4.73688391 7.53130972 6.95163033]
 [4.69261346 7.00124025 4.55477175 7.72831925 7.22333189]
 [6.10119396 9.49611876 5.87651807 9.27267161 8.27218708]
 [3.11269886 4.39459951 3.05425508 6.34059278 6.35123886]
 [2.57840884 3.86785651 2.62954348 5.53273579 5.63272868]
 [2.72749219 3.618273   2.57104526 5.35525525 5.28012116]
 [3.5659828  6.19399039 3.62054314 6.14316238 5.67707536]
 [2.77181129 3.86558017 2.73168802 5.66117275 5.70723192]
 [3.0508592  3.84719366 2.84090704 6.09199869 6.05685395]
 [5.46402881 9.8450896  5.71464109 9.18296373 8.5168445 ]
 [5.03258151 8.33464582 4.90362881 8.22801051 7.3804165 ]
 [5.4850117  8.74933446 5.48398244 8.69428103 8.04065444]
 [4.78571944 8.31300364 4.75196918 7.71111306 6.85366862]
 [4.49639156 7.393084   4.39406823 7.37575339 6.66020691]
 [3.96871004 7.27041558 4.15645822 7.0711765  6.61546721]
 [5.93728283 9.22153336 5.81566544 9.20323217 8.39696366]
 [3.82862629 6.50430545 3.97164273 6.67483003 6.35747781]
 [2.52131187 3.87859662 2.62482717 5.33114314 5.44931615]
 [4.26609469 7.44613326 4.2321117  6.87450796 6.09075844]
 [4.63915557 7.438225   4.48816973 7.49903311 6.75523836]
 [2.69436179 3.46889011 2.59163906 5.32395122 5.36552234]
 [2.51752454 3.54585789 2.47919761 5.21116628 5.24831851]
 [4.78303745 8.57306951 4.85977013 7.82500547 7.03247547]
 [2.35362593 3.7681714  2.44241339 5.11055022 5.17549626]
 [4.31592775 7.54070606 4.36758092 7.25948532 6.63008525]
 [4.6033449  8.00981123 4.59947753 7.74079583 7.00359749]
 [4.68061938 7.04530611 4.50096134 7.8335259  7.27067497]
 [3.96587635 6.70218082 4.09091778 6.71904988 6.3402932 ]
 [4.8456609  8.90649393 4.8633813  8.07448137 7.13050522]
 [4.22380218 7.44814773 4.28152248 7.14136286 6.5145256 ]
 [2.57572685 4.12792237 2.73734442 5.64662821 5.81153552]
 [4.44463352 5.88989455 4.12561321 7.00872915 6.51437835]
 [4.50189299 6.74345072 4.34482627 7.48598988 6.9700218 ]
 [4.69736869 8.05628512 4.78747189 7.74414407 7.13670544]
 [3.49214733 5.22974714 3.37047163 5.84060059 5.44588243]
 [4.52244388 9.04497064 4.78394784 7.64458263 6.82360218]
 [3.91413256 6.15679355 3.82944423 6.48002336 5.98101691]
 [2.87686471 4.06748859 2.85224833 5.98181507 6.04892309]
 [2.73584892 3.60886578 2.66965444 5.43691644 5.5016102 ]
 [2.48643325 4.14269554 2.73391337 5.72145802 5.98699878]
 [4.7794001  8.60772814 4.9045689  8.01187331 7.30130758]
 [2.36183268 3.39136681 2.35059425 4.88536671 4.92715554]
 [4.36199508 7.37453142 4.43973128 7.1437839  6.60491456]
 [4.76725431 7.82349337 4.6774171  7.65106092 6.8946698 ]
 [4.1575539  7.64628085 4.34677849 7.04757817 6.48772913]
 [2.8068291  3.93288297 2.77187479 5.76805352 5.82112898]
 [2.88508398 4.1875829  2.7844976  5.72545494 5.60298354]]
a1
[[0.9955079  0.99941837 0.9940534  0.99999444 0.99999467]
 [0.99807952 0.99993928 0.99716563 0.99998614 0.9999646 ]
 [0.99981555 0.99999826 0.99973307 0.99999961 0.99999878]
 [0.99256929 0.99951908 0.99169449 0.99998748 0.99998669]
 [0.9999717  0.99999999 0.99997841 0.99999999 0.99999995]
 [0.99962386 0.99999929 0.99968931 0.99999929 0.99999805]
 [0.99991723 0.99999987 0.99985605 0.99999986 0.99999895]
 [0.98962735 0.99975089 0.99306241 0.99997744 0.9999814 ]
 [0.98756147 0.99892469 0.98886656 0.99994261 0.99995163]
 [0.99991525 0.99999995 0.99990709 0.99999987 0.99999923]
 [0.9991994  0.99999466 0.99923964 0.99999625 0.99999107]
 [0.99294276 0.99973108 0.99385662 0.99998807 0.99998886]
 [0.99994884 0.99999994 0.9999388  0.99999992 0.99999955]
 [0.99969619 0.99999884 0.99968361 0.99999941 0.99999831]
 [0.99955514 0.99999819 0.99955659 0.99999859 0.99999595]
 [0.97848022 0.99812696 0.9814114  0.99988343 0.99990324]
 [0.99945511 0.99999158 0.99929688 0.9999975  0.99999358]
 [0.99902345 0.99999807 0.99933731 0.9999965  0.99999181]
 [0.99562943 0.99942226 0.99340684 0.99998839 0.99998505]
 [0.99214681 0.99829363 0.9887189  0.99996924 0.99996701]
 [0.9991351  0.9999947  0.99930613 0.99999533 0.99999058]
 [0.99862467 0.99999791 0.99919635 0.99999452 0.99998809]
 [0.9998698  0.99999955 0.99983624 0.99999974 0.999999  ]
 [0.98984945 0.99904352 0.98879498 0.99996962 0.99996961]
 [0.99994246 0.99999994 0.99994998 0.99999992 0.99999975]
 [0.99924382 0.9999946  0.99924322 0.99999694 0.99999257]
 [0.9910585  0.9995946  0.99295369 0.99998914 0.99999213]
 [0.98871361 0.99948275 0.99081235 0.99997556 0.9999796 ]
 [0.99963543 0.99999777 0.99967981 0.9999988  0.99999752]
 [0.99985429 0.99999938 0.99976841 0.99999943 0.99999693]
 [0.99957676 0.99999841 0.99962837 0.99999884 0.99999717]
 [0.99998331 0.99999998 0.99996927 0.99999998 0.99999984]
 [0.99927373 0.99998654 0.99911345 0.99999595 0.99999067]
 [0.99985593 0.99999986 0.99985393 0.99999959 0.99999795]
 [0.9996111  0.99999977 0.99959546 0.99999846 0.99998988]
 [0.9925013  0.99939019 0.99269029 0.99998406 0.99998657]
 [0.99934965 0.99998914 0.99908663 0.99999539 0.99998614]
 [0.99334364 0.99902486 0.99173045 0.99998042 0.99998086]
 [0.99983147 0.99999859 0.99975023 0.99999955 0.99999841]
 [0.99993155 0.99999981 0.99991579 0.99999978 0.99999906]
 [0.99990993 0.99999989 0.99988938 0.99999983 0.99999907]
 [0.9915503  0.99920509 0.99055834 0.99997601 0.99997588]
 [0.99979475 0.9999983  0.99972857 0.99999876 0.99999568]
 [0.99979102 0.99999979 0.99984633 0.99999943 0.99999817]
 [0.9998321  0.99999834 0.99977881 0.99999961 0.99999894]
 [0.99998996 0.99999999 0.99998427 0.99999998 0.99999987]
 [0.99605074 0.99969531 0.99556215 0.99999378 0.99999391]
 [0.98854597 0.9991265  0.9896537  0.99996871 0.99997438]
 [0.99148651 0.99856145 0.98837703 0.99995538 0.99994815]
 [0.99840298 0.99999166 0.99856796 0.99999077 0.99997656]
 [0.99220584 0.99912252 0.99155735 0.9999758  0.99997793]
 [0.99553197 0.99908966 0.9932084  0.99998978 0.99998903]
 [0.99996411 0.99999999 0.99997826 0.99999998 0.99999992]
 [0.99991493 0.99999988 0.9998899  0.99999986 0.99999922]
 [0.99996558 0.99999995 0.99996551 0.99999994 0.99999979]
 [0.99986063 0.99999988 0.9998509  0.9999996  0.99999777]
 [0.99975142 0.99999924 0.99969498 0.99999922 0.99999672]
 [0.999286   0.99999903 0.99950947 0.99999856 0.99999641]
 [0.99998607 0.99999998 0.99998223 0.99999998 0.9999999 ]
 [0.99905524 0.99999552 0.99929018 0.99999681 0.99999399]
 [0.98716928 0.99914506 0.98955616 0.99995318 0.99996303]
 [0.99960603 0.99999932 0.99957833 0.99999786 0.99998975]
 [0.99981316 0.99999931 0.9997473  0.99999939 0.99999729]
 [0.99090594 0.99806104 0.98884341 0.9999525  0.99995629]
 [0.98707235 0.99833745 0.98604961 0.99994048 0.99994474]
 [0.99985988 0.99999993 0.99987981 0.99999968 0.99999844]
 [0.98210249 0.99893388 0.9849926  0.99992721 0.99993608]
 [0.9996434  0.99999944 0.99967839 0.99999901 0.99999651]
 [0.99979929 0.99999978 0.99979773 0.99999962 0.99999835]
 [0.99982803 0.99999848 0.99975368 0.99999969 0.99999903]
 [0.99928195 0.99999698 0.99944078 0.99999708 0.99999378]
 [0.99987637 0.99999996 0.99988068 0.99999981 0.99999872]
 [0.99957127 0.99999932 0.999618   0.99999875 0.99999561]
 [0.98848472 0.99948066 0.99165193 0.99997509 0.99998209]
 [0.99972432 0.99998468 0.99947826 0.99999837 0.99999561]
 [0.99975414 0.99999722 0.99966342 0.99999937 0.99999823]
 [0.99983369 0.9999998  0.99986112 0.99999962 0.99999873]
 [0.99814908 0.99994265 0.99763972 0.9999831  0.99996278]
 [0.99976404 0.99999997 0.99986013 0.99999954 0.99999763]
 [0.99920369 0.99999102 0.99905678 0.9999953  0.99998724]
 [0.99367818 0.99941396 0.99336021 0.99998726 0.99998886]
 [0.99162702 0.99853415 0.99044747 0.99996211 0.9999667 ]
 [0.98624866 0.99949578 0.99159469 0.99997855 0.99998739]
 [0.99985886 0.99999993 0.99989011 0.99999978 0.99999909]
 [0.98239129 0.99773622 0.98199462 0.99988581 0.99989496]
 [0.99967478 0.99999921 0.9997216  0.99999875 0.99999634]
 [0.99985538 0.99999968 0.99982692 0.99999955 0.99999795]
 [0.99951054 0.99999954 0.99966473 0.99999849 0.99999537]
 [0.99273111 0.99923298 0.99220682 0.99998046 0.99998243]
 [0.99378093 0.99953906 0.99240037 0.99997872 0.99997281]]
z2
[[ 0.11483863 -0.33372546 -0.13350202]
 [ 0.11313396 -0.33343746 -0.13128627]
 [ 0.11213374 -0.33365621 -0.1293085 ]
 [ 0.11698351 -0.33363782 -0.13583369]
 [ 0.1120472  -0.33368007 -0.129119  ]
 [ 0.11230047 -0.33367794 -0.12939121]
 [ 0.11206874 -0.33366312 -0.1292071 ]
 [ 0.11999429 -0.33420574 -0.13605775]
 [ 0.12098267 -0.3343938  -0.13852796]
 [ 0.11208259 -0.3336742  -0.12917758]
 [ 0.11258597 -0.3336539  -0.12977693]
 [ 0.11712506 -0.33383418 -0.13460214]
 [ 0.11205899 -0.3336754  -0.12914903]
 [ 0.11223232 -0.33366519 -0.1293731 ]
 [ 0.11233256 -0.33366101 -0.12948865]
 [ 0.12766956 -0.33505121 -0.14500261]
 [ 0.11236393 -0.33362777 -0.12966634]
 [ 0.11277153 -0.33370156 -0.12977336]
 [ 0.11456935 -0.33355792 -0.13385025]
 [ 0.11679815 -0.33416648 -0.13680362]
 [ 0.11266045 -0.33367793 -0.12975637]
 [ 0.11310609 -0.33373626 -0.1299728 ]
 [ 0.11210786 -0.33366739 -0.12923252]
 [ 0.11885595 -0.3339054  -0.13799082]
 [ 0.11206752 -0.33367899 -0.12914432]
 [ 0.11254607 -0.33364872 -0.12976207]
 [ 0.11867072 -0.33409179 -0.13558817]
 [ 0.12033699 -0.33413304 -0.13745808]
 [ 0.11228736 -0.33367483 -0.12939221]
 [ 0.1121063  -0.33365407 -0.12927661]
 [ 0.11232949 -0.33367321 -0.12944026]
 [ 0.11203431 -0.33367612 -0.12912098]
 [ 0.11248811 -0.33362208 -0.12982375]
 [ 0.11212489 -0.33367205 -0.12922608]
 [ 0.11229078 -0.33365202 -0.1294489 ]
 [ 0.1172935  -0.33396946 -0.13516813]
 [ 0.11241157 -0.33359677 -0.12981824]
 [ 0.11632679 -0.33394837 -0.13521652]
 [ 0.11212304 -0.33365638 -0.12929384]
 [ 0.11206953 -0.3336732  -0.12916751]
 [ 0.11208332 -0.33367134 -0.12918954]
 [ 0.11768532 -0.33384412 -0.1365695 ]
 [ 0.11215173 -0.33365558 -0.12931659]
 [ 0.11218298 -0.33368174 -0.12924962]
 [ 0.1121292  -0.33366293 -0.12927666]
 [ 0.1120317  -0.33367811 -0.12911016]
 [ 0.11466107 -0.33369737 -0.13265551]
 [ 0.12025372 -0.33423413 -0.13792731]
 [ 0.11728895 -0.33394919 -0.13739533]
 [ 0.11316214 -0.3336378  -0.13040265]
 [ 0.11732386 -0.33401502 -0.1357248 ]
 [ 0.11465099 -0.33383399 -0.13374956]
 [ 0.11205418 -0.33368129 -0.12912132]
 [ 0.11207882 -0.33367076 -0.1291878 ]
 [ 0.1120498  -0.33367832 -0.12912837]
 [ 0.11211987 -0.33367043 -0.12922647]
 [ 0.11218397 -0.33365622 -0.1293501 ]
 [ 0.1125702  -0.33369656 -0.12959617]
 [ 0.11203481 -0.33367838 -0.12911251]
 [ 0.11273116 -0.33369095 -0.12979057]
 [ 0.12149062 -0.33441822 -0.13840065]
 [ 0.11229096 -0.33364958 -0.12946021]
 [ 0.11213927 -0.33365709 -0.1293012 ]
 [ 0.11798931 -0.33459782 -0.13691889]
 [ 0.12083557 -0.33441145 -0.1399007 ]
 [ 0.11212735 -0.33367716 -0.12920976]
 [ 0.12510551 -0.33449356 -0.14242605]
 [ 0.11227983 -0.33367069 -0.12939169]
 [ 0.11216398 -0.33367051 -0.129276  ]
 [ 0.11212707 -0.33365841 -0.12929286]
 [ 0.11255713 -0.33368215 -0.12963596]
 [ 0.11211235 -0.33367481 -0.1292045 ]
 [ 0.11233223 -0.33366961 -0.1294483 ]
 [ 0.12074658 -0.33434945 -0.13702704]
 [ 0.11215894 -0.33362788 -0.12947534]
 [ 0.11217409 -0.33365258 -0.12936686]
 [ 0.11214707 -0.33367815 -0.12922849]
 [ 0.11317895 -0.33351853 -0.13098741]
 [ 0.11221138 -0.33368846 -0.12924934]
 [ 0.11253905 -0.33361475 -0.12988037]
 [ 0.11636277 -0.3338898  -0.13444454]
 [ 0.11765402 -0.33439623 -0.1361118 ]
 [ 0.12280207 -0.33470825 -0.13772854]
 [ 0.1121307  -0.33368012 -0.12920412]
 [ 0.12423722 -0.33484952 -0.14321786]
 [ 0.11226084 -0.3336743  -0.12935671]
 [ 0.112119   -0.33366672 -0.1292421 ]
 [ 0.11239924 -0.33368908 -0.12943855]
 [ 0.11698211 -0.33396649 -0.13526927]
 [ 0.11602197 -0.33354611 -0.13507265]]
probs
[[0.41345574 0.26400984 0.32253441]
 [0.41271551 0.26406284 0.32322164]
 [0.41223303 0.26396033 0.32380664]
 [0.41427733 0.26399081 0.32173185]
 [0.41218936 0.26394892 0.32386173]
 [0.41228683 0.26394504 0.32376813]
 [0.41220449 0.26395739 0.32383811]
 [0.41510012 0.26357019 0.3213297 ]
 [0.41569011 0.26363448 0.32067541]
 [0.41220511 0.26395121 0.32384367]
 [0.41240488 0.26395159 0.32364353]
 [0.41416895 0.26383258 0.32199847]
 [0.41219572 0.26395111 0.32385318]
 [0.41226651 0.26395338 0.3237801 ]
 [0.41230577 0.26395316 0.32374107]
 [0.41825066 0.2633174  0.31843194]
 [0.41233347 0.26397139 0.32369514]
 [0.41245456 0.26392183 0.32362361]
 [0.41341858 0.26410146 0.32247996]
 [0.41441945 0.26399073 0.32158981]
 [0.4124228  0.26393706 0.32364014]
 [0.41256604 0.26389569 0.32353827]
 [0.41221783 0.26395448 0.32382769]
 [0.41504857 0.26391688 0.32103456]
 [0.41219755 0.26394908 0.32385338]
 [0.41239267 0.26395567 0.32365166]
 [0.41470371 0.26369729 0.321599  ]
 [0.41536211 0.26366534 0.32097255]
 [0.41228345 0.26394715 0.3237694 ]
 [0.41222189 0.26396101 0.3238171 ]
 [0.4122999  0.26394699 0.32375312]
 [0.41218607 0.26395125 0.32386268]
 [0.41238395 0.26397243 0.32364362]
 [0.41222161 0.26395117 0.32382722]
 [0.41228936 0.26395606 0.32375458]
 [0.41430008 0.26383597 0.32186394]
 [0.41236191 0.2639852  0.32365288]
 [0.41406967 0.26394984 0.32198049]
 [0.4122285  0.26396021 0.32381129]
 [0.4122005  0.26395197 0.32384753]
 [0.41220658 0.26395271 0.32384071]
 [0.41456829 0.26393643 0.32149529]
 [0.4122384  0.26395919 0.32380241]
 [0.41223987 0.26394498 0.32381514]
 [0.41222841 0.2639568  0.32381479]
 [0.41218421 0.26395023 0.32386556]
 [0.41329672 0.26396258 0.3227407 ]
 [0.41541551 0.26369454 0.32088995]
 [0.41459364 0.26402947 0.3213769 ]
 [0.41262627 0.26394542 0.32342831]
 [0.41438665 0.26387107 0.32174227]
 [0.4134551  0.26403032 0.32251459]
 [0.41219149 0.26394812 0.32386039]
 [0.41220519 0.26395316 0.32384164]
 [0.41219105 0.26394977 0.32385918]
 [0.41222026 0.26395207 0.32382767]
 [0.41225075 0.26395842 0.32379083]
 [0.41238158 0.26392958 0.32368885]
 [0.41218531 0.26395004 0.32386466]
 [0.41244592 0.26392975 0.32362433]
 [0.4157992  0.26356331 0.32063749]
 [0.41229065 0.26395748 0.32375187]
 [0.41223349 0.26395894 0.32380758]
 [0.41477111 0.2637864  0.32144248]
 [0.41583926 0.26376321 0.32039753]
 [0.41222058 0.26394852 0.3238309 ]
 [0.41722245 0.26349133 0.31928623]
 [0.4122811  0.26394873 0.32377016]
 [0.41223757 0.26395149 0.32381094]
 [0.41222956 0.2639593  0.32381114]
 [0.41238215 0.2639372  0.32368065]
 [0.41221599 0.26395016 0.32383386]
 [0.41230124 0.26394808 0.32375068]
 [0.41542779 0.26354201 0.3210302 ]
 [0.41225832 0.26397736 0.32376433]
 [0.4122502  0.26396163 0.32378817]
 [0.41222796 0.26394778 0.32382425]
 [0.41269538 0.26401668 0.32328794]
 [0.41224745 0.26394056 0.32381199]
 [0.41240306 0.26397314 0.3236238 ]
 [0.41396907 0.26389167 0.32213926]
 [0.41456007 0.26379377 0.32164616]
 [0.41605994 0.26330657 0.3206335 ]
 [0.41222096 0.2639471  0.32383194]
 [0.41715593 0.26358433 0.31925974]
 [0.41227223 0.26394711 0.32378066]
 [0.41222174 0.26395422 0.32382404]
 [0.4123183  0.26393617 0.32374554]
 [0.41423769 0.26387918 0.32188314]
 [0.41393258 0.26404909 0.32201833]]
Loss after iteration 0: 0.3695138919299498
